XMTQxMDQzNjcwMA==	16	2	0	0	0	0	6	2	1	0	0	2	0	4	1	0	0	0	0	0	0	14858	2	0	64	3	0	1	0	1
XMTQxMDM3ODQ0NA==	20	3	1	0	0	0	0	0	0	1	0	0	1	0	0	0	53402	0	2	0	0	0	1	0	0	0	1	107	23	14
XMTQxMDQzMjgxMg==	60	23	5	1	1	0	5	33896	6	1	1	1	0	3	4	4	2	2	0	1	0	2	0	1	0	2	1	0	1	1
XMTQxMDU5NTE0OA==	6	1	0	0	0	0	0	0	0	0	0	0	0	0	0	2	0	0	0	0	0	0	0	9989	0	3	2	0	0	0
XMTQxMDQ1MDY1Mg==	26	23	19	0	0	1	0	4	0	0	0	3	3	0	3	2	0	9	2	1	2	56324	11	6	0	8	4	1	4	4
XMTQxMDM0NjkzNg==	25	0	0	1	0	0	0	0	0	0	0	10592	0	1	0	6	1	1	1	2	2	2	0	5	14	0	0	0	0	0
XMTQxMTIyOTg2NA==	22	2	0	0	0	0	0	0	10311	3	10615	0	10421	0	10729	2	1	0	2	3	3	2	3	3	31	97	0	0	0	9
XMTQxMTE2NjMwNA==	67	9	3	6	2	1	3	8	1	0	0	1	4	0	0	0	0	2	1	2	0	1	9719	729	3	12	19	32	39	11
XMTQxMDM0NTA2MA==	5	3	0	0	0	0	0	0	2	13	2570	15604	5623	14500	12001	8347	6483	5465	4394	4890	5032	4387	4352	3894	3691	3129	2977	4067	3593	3044
XMTQxMjQwNTcyMA==	24	6	5	2	1	6	3	1	5	24	0	0	2	5	4	3	28	0	0	0	2	40	0	0	0	4	59230	0	0	0
XMTQxMzc5OTQ3Mg==	39	13	5	0	3	4	1	103577	12	4	4476	0	7	8	7	5	73	13	7	10	13	14	15	4	3	9	4	10	2	4
XMTQxMzY2MTEyNA==	41	8	2	2	2	0	6	1	0	3	1	2	1	0	0	10760	2	3	377	0	0	0	8	6	3	3	5	2	2	5
XMTQxNTE2NjM4NA==	3	0	13	1	0	2	3	0	13	55508	323	560	505	388	303	255	172	123	83	76	308	95	93	32	20	21	23	19	17	23
XMTQxNDQ1ODAwNA==	48	4	0	0	4	8	10	0	0	2	3	35143	19	68	12	6	11	27	6	4	0	1	3	1	2	2	0	3	0	0
XMTQxNTg5MTA0NA==	20	10	1	1	0	3	5	0	23	6	7	1	4	2	0	0	0	1	1	0	3	7	2	0	3	1	535	247	45	11207
XMTQxNTc2Njk4OA==	12	0	0	0	3	2	0	1	1	0	1	0	1	2	1	0	0	0	0	2	1	0	1	0	0	0	2	12350	0	0
XMTQxNDg5MzAyOA==	14	1	0	2	1	1	0	0	0	0	0	0	0	0	0	0	0	0	0	0	0	0	0	0	0	0	0	0	16825	0
XMTQxNTY3NDMwOA==	16	7	4	4	2	2	3	1	14827	214	121	7	12	10	8	18	12	13	12	10	10	10	11	21	12	6	10	10	8	4
XMTQxNjEzNzU2OA==	4	1	0	0	0	1	0	0	0	0	11028	1	1	1	0	0	0	4	0	0	1	1	0	0	0	0	1	0	0	1
XMTQxNjA0NzgwMA==	36	16	4	4	4	3	14	6	1	0	2	6	7	0	1	0	0	2	3	2	0	0	1	0	11089	0	0	0	0	0
XMTQxNjQ1NzgyNA==	5	1	0	0	0	0	0	94397	926	45679	5387	34	1	0	0	0	0	0	0	0	0	0	0	0	0	0	0	0	0	0
XMTQxNjY2MzQ2NA==	99	0	0	0	0	0	0	0	0	0	0	0	0	0	0	0	0	0	1	0	0	0	0	0	0	10572	0	0	0	5
XMTQxNjQ0MTM1Mg==	22	10	3	5	3	4	4	16642	2	39	21713	4551	9030	4518	3407	1991	20418	85546	403	1452	43	40	7606	1553636	1128715	1085936	1073119	1102832	990277	278
XMTQxNjEyNjIzMg==	13	0	0	0	0	0	0	0	0	0	10760	1	1	1	1	0	1	2	0	2	1	0	0	0	0	0	2	1	1	0
XMTQxNjkyMzE4OA==	18	0	0	1	2	0	0	0	0	0	0	0	1	1	0	0	1	0	0	8	15711	755	51	33	22	39	83	24	23	12
XMTQxNjg1OTQwNA==	36	6	0	4	31	7	7	5	3	4	262	80614	88850	97930	0	0	35829	0	0	115	77	72	88	94	65	56	35	39	45	36
XMTQxNzQ4NjcyNA==	10	8	3	3	0	2	1	0	1	7	4	0	2	0	1	4	10878	6	3	2	3	2	3	3	1	3	2	1	1	1
XMTQxNzQ4NjcyMA==	8	6	2	0	0	1	4	1	0	1	5	4	4	1	0	1	11245	5	2	3	2	1	4	2	0	4	4	12	0	9
XMTQxNjYyNDYyOA==	13	1	0	0	1	7	7	118939	225897	401	236	100	6	0	19	10	11	4	1	4	0	2	4	1	2	0	1	2	0	3
XMTQxODM3ODc2MA==	58	8	3	0	0	1	0	2	0	0	0	0	1	2139	0	0	0	0	0	0	4	6	1	22951	27	18	22	8	22	4
XMTQxNTQ1MjU3Ng==	50	8	1	4	1	12	1	2	0	0	0	0	2	1	0	0	0	0	1	3	15510	36	22	9	10	10	5	3	5	7
XMTQxODE2OTcwMA==	45	0	0	0	3	10	2	7	2	4	7	4	6	6	22	19	28	78	576	1204	6012	9827	6602	6216	4819	5060	6180	7647	2695	1706
XMTQxOTE5MTE3Ng==	24	9	4	0	19	5	12	2	2	10452	12	16	1	1	2	1	1	0	0	0	2	0	0	0	0	0	0	1	1	0
XMTQxOTkyMDQzMg==	6	24	4	1	7	0	1	1	1	3	8	5	5	12	15897	0	0	0	13329	7	7	15052	11147	10641	10973	10830	10423	9334	9968	10870
