XMTQxMDczNTk0NA==	4	10	0	0	6	6	12	38	33	12	10	4	3	4	76	159	77	98	85	79	108	112	148	71	26	19	18	13	11	13
XMTQwOTg2MDM5Mg==	17	13	6	2	0	0	3	4	2	0	3	0	2	5	0	5	1	1	2	1	1	2	2	0	1	1070	1635	318	75	55
XMTQxMDEwMjkwMA==	11	2	0	0	0	0	0	0	0	1	0	1327	94	34	0	8	6	2	3	4	4	4	0	0	1	1	2	0	0	0
XMTQxMDMxMDMxMg==	37	1	0	1	2	2	1	0	0	2	0	0	0	2	1	2	26	235	279	190	95	84	73	58	73	55	40	59	46	60
XMTQxMDE0NDMzNg==	13	1	0	0	1	4	1	0	6	1037	0	0	0	1	0	4	1	2	3	8	7	2	2	1	0	1	1	3	2	2
XMTQxMDMzNTAxMg==	15	13	3	17	27	14	5	8	9	10	11	6	11	23	8	3107	27	24	15	15	12	17	13	3	20	19	12	11	11	15
XMTQxMDE4OTE5Mg==	12	3	4	0	3	1	0	0	3	0	1	0	0	3	0	0	0	0	0	0	1	2	1	2	0	0	1138	2681	2482	2496
XMTQxMTYxMDkxMg==	14	6	2	1	6	12	26	27	14	20	11	887	264	257	271	68	46	23	35	26	26	29	29	30	16	19	22	18	20	18
XMTQxMTQwMDk0NA==	40	1	0	0	0	0	0	0	1	1	0	1	0	0	0	0	0	0	0	0	0	0	0	0	0	1029	162	76	18	9
XMTQxMjc3NTcyMA==	22	0	0	0	2	1	1	0	1	2	0	0	0	1	0	0	0	0	0	0	1	0	0	0	0	0	1	2356	0	0
XMTQxMjU2MjkwNA==	15	8	5	0	22	22	15	24	67	62	98	137	14	46	93	29	107	34	50	54	32	32	68	49	105	33	63	70	23	11
XMTQxMjUyMjM5Mg==	34	5	0	0	3	9	6	1	0	5	10	6	4	21	95	243	230	89	82	337	126	65	22	6	9	12	23	13	26	54
XMTQxMzg5MzUxNg==	21	27	3	0	2	0	0	0	0	0	0	0	0	0	0	0	0	8	7	2534	0	0	0	1	0	0	0	0	0	0
XMTQxMzExMzk0NA==	23	4	1	2	1	1	2	2	2	2	4	0	0	4860	4003	1	0	0	2	1	0	373	0	0	0	0	1	0	0	0
XMTQxMzUxNzAwMA==	21	21	7	6	5	10	3	3	3381	669	77	8	19	3	11	19	666	20	5	11	2	7	6	4	4	7	3	0	0	539
XMTQxMzMxMzM1Mg==	17	1	1	3	1	4	1	53	47	6	17	1	7	1	7	544	106	9	27	23	13	1	12	11	8	26	40	28	3	9
XMTQxNDE3Mjc4NA==	8	0	0	0	2	1	0	0	11	0	1	0	2	0	0	0	0	0	0	0	0	0	0	0	0	0	0	0	0	2409
XMTQxMjk3MzIxMg==	58	8	2	13	3	3	0	0	503	510	43	3	10	6	8	7	122	26	5	8	94	19	5	9	10	11	6	1	4	0
XMTQxNDI2Mzc0NA==	9	9	4	17	27	11	19	2	1	2	6	1	2	3	1	44	118	239	272	264	490	483	465	857	854	918	1083	1040	2256	469
XMTQxNDExOTA1Mg==	34	0	0	0	0	0	0	0	0	1	0	0	1	1	2	32	24	0	0	0	180	299	122	76	88	80	77	77	70	72
XMTQxMzE5MzM0OA==	8	2	2	1	0	2	7	1	5	5	2	1	17	10	6	11	6	12	3	24	16	12	13	9	5	317	979	141	60	11
XMTQxNDE1ODU2OA==	10	0	0	0	0	0	0	0	0	0	0	0	0	0	0	0	0	0	0	0	0	0	0	0	0	0	4735	0	4	2
XMTQxNTAzMTg1Mg==	2	0	0	0	0	0	0	0	9	6	856	330	254	150	113	121	53	73	51	38	43	37	33	57	48	53	46	51	40	25
XMTQxNDU2Mjk2NA==	13	10	8	0	5	5	6	19	12	58	33	31	36	65	42	33	35	39	31	56	50	48	29	66	83	55	77	54	52	41
XMTQxNDQxMjA1Mg==	42	10	0	0	0	0	1	0	1	3	0	0	1	0	0	0	0	0	6	1519	1358	80	94	35	29	14	9	4	8	10
XMTQxNDM1MDQ2OA==	34	0	0	0	0	0	0	1003	0	0	0	1	0	0	0	0	0	0	1	0	1	0	0	0	0	0	0	0	0	0
XMTQxNDA2MDM3Mg==	43	2	0	2	2	0	0	3	15	10	15	428	586	459	677	338	350	707	411	267	200	187	215	142	136	147	139	153	147	157
XMTQxNDEyMzAzMg==	30	15	19	7	18	5	4	4	5	13	8	8	11	13	1	4	3	7	2	1	39	163	129	119	105	95	98	113	160	122
XMTQxNTY2NDY5Mg==	13	0	0	0	0	0	0	0	0	0	0	0	2	1	2	0	2	0	0	0	0	0	0	0	0	0	0	7894	0	1
XMTQxNDc0MDAyMA==	60	3	0	0	0	1	0	0	0	0	0	0	0	0	0	0	0	0	0	0	0	0	0	0	0	0	0	0	906	405
XMTQxNTM5OTA5Mg==	20	38	19	2	2	3	14	4	1	0	0	0	1453	198	51	25	13	7	3	1	2	2	3	6	3	4	1	4	2	0
XMTQxNDU1NjcxMg==	6	1	0	1	1	2	3	1	0	0	3	0	0	1	1	5	1	44	55	9	21	1	4	2	2	0	0	0	1023	6
XMTQxNjA4MjE4NA==	7	15	13	16	14	5	18	15	25	23	903	796	365	0	0	0	0	0	0	0	0	0	0	0	0	0	0	0	0	0
XMTQxNTMwODY3Ng==	76	6	2	6	1	2	0	1	621	2778	2148	157	46	43	21	9	15	6	21	7	15	14	10	14	13	8	6	21	12	9
XMTQxNjgyMjA3Ng==	38	24	1	1	6	5	1	0	0	0	5	4	6	248	799	739	926	322	12	5	11	10	17	10	5	4	8	8	8	9
XMTQxNTY5NTc0NA==	63	2	0	17	0	0	0	11	0	0	0	0	3	32	198	58	11	0	11	39	24	30	49	91	0	39	380	0	5	445
XMTQxNTgwMjI4MA==	8	0	0	0	4	16	8	46	597	236	42	17	17	15	9	5	10	5	2	4	6	6	6	4	1	0	2	5	2	5
XMTQxNjQyOTYzNg==	12	4	1	2	0	1	0	0	0	0	0	0	0	2385	0	0	0	0	0	0	0	1	0	0	1	0	2	0	0	1
XMTQxNTUyODI3Mg==	11	3	3	0	1	3	0	1	1	3079	0	0	0	9	13	15	6	4	6	8	3	6	3	10	9	9	7	5	28	27
XMTQxNjc1MTU4OA==	5	5	0	45	1	3	2	3	0	2	99	493	47	54	59	99	74	75	27	25	45	34	23	29	22	21	22	20	66	49
XMTQxNjM0NTQyOA==	39	13	9	0	2	1	0	1	0	1	1	15	0	0	0	2	0	1604	1975	611	362	282	221	247	211	181	186	212	156	133
XMTQxNjI1ODQ4MA==	15	11	4	1	0	0	3	1	0	0	0	0	5698	4	9	16	4	6	6	2	5	18	17	10	1	4	3	1	0	0
XMTQxNjM2NDkyOA==	22	9	1	0	2	0	6	282	150	123	13	9	10	11	17	151	32	11	62	131	26	10	26	12	5	5	2	14	12	22
XMTQxNTk5NTI4NA==	39	0	1	1	2	9	10	27	5	10	21	20	39	45	34	77	42	40	71	31	57	39	53	38	54	29	54	72	50	38
XMTQxNTgwOTMxNg==	48	11	10	13	4	1	1	3	1	2	0	2	1	3	0	2	2	0	0	0	0	0	1	1	1362	238	0	0	21	17
XMTQxNjY3OTU5Ng==	88	9	0	0	1	0	1	0	0	0	0	0	6	6	7	1	8	138	210	115	35	50	75	112	107	131	102	84	104	146
XMTQxNzI2MjY3Ng==	21	7	0	0	1	1	7	4	15	26	3	3	1	3	2	11	8	6	2	16	5	3	20	87	345	110	65	244	90	77
XMTQxNjc3ODg5Mg==	33	10	4	3	0	2	0	0	971	92	0	0	15	13	5	5	8	9	9	7	11	9	7	2	0	0	0	0	0	0
XMTQxNjU5Njk2NA==	33	4	21	2	5	4	3	2	7	10	5	1	11	49	118	282	79	27	20	43	43	39	38	59	81	28	26	16	63	47
XMTQxNzM1NDEzMg==	19	7	0	0	0	1	1	0	0	0	0	0	0	0	0	0	0	0	0	0	0	0	0	0	0	2607	0	0	0	1
XMTQxODY1MTY0OA==	21	22	1	0	0	4	0	1	0	3	384	434	132	141	132	84	64	42	54	41	25	23	18	13	17	8	16	17	8	11
XMTQxNzYzNTk3Mg==	49	7	3	8	7	11	0	57	97	92	92	70	104	156	102	95	102	117	48	63	48	48	47	52	35	36	43	31	36	32
XMTQxNzg0NzE3Mg==	15	9	16	1	8	3	0	0	0	321	467	523	169	129	91	108	76	33	33	12	13	17	11	2	6	3	9	20	5	6
XMTQxODcyMTQwOA==	5	2	0	0	0	0	0	0	1	0	8	388	216	359	347	214	94	116	60	14	13	34	17	26	18	9	37	17	7	26
XMTQxODY1Mjc4MA==	32	5	9	17	5	20	10	25	23	11	9	11	24	17	16	19	43	135	123	99	109	97	111	124	339	399	195	74	51	66
XMTQxOTAwNDgxNg==	4	10	6	5	14	21	14	17	268	164	15	21	25	21	18	13	14	8	11	1	10	16	13	15	13	3	14	79	56	718
XMTQxODYwNzMyMA==	25	20	9	9	2	21	10	18	10	15	11	8	10	17	27	6	30	128	124	80	70	68	84	59	1587	2043	666	89	72	59
XMTQxOTE2NDEzMg==	29	21	14	6	10	1	10	88	11	5	19	48	19	36	558	129	130	30	26	22	21	17	17	17	9	19	2	4	9	9
XMTQxODM4NDkxNg==	17	0	0	0	0	0	0	0	0	0	0	0	0	0	1	41	0	0	2	6	0	4195	0	0	0	0	0	0	0	0
XMTQxOTM5OTExMg==	14	4	0	0	0	0	0	0	3	2	2	0	0	564	129	118	204	136	131	47	84	169	6	0	0	1	0	1	5	1
XMTQxODM2NzUzMg==	15	0	0	0	1	0	0	0	0	0	0	0	0	0	0	6	0	0	0	0	0	2679	0	0	0	0	0	0	0	0
XMTQxOTc1Njk1Ng==	5	9	16	14	21	9	16	35	31	26	26	24	29	47	27	27	32	27	47	129	239	159	4	0	0	0	0	1	1	0
