XMTQxMDAwMTEwMA==	337	31	15	10	2	2	11	4	5	1	0	1	1	1	3	6	2	2	1	43	161	71	303	532	2272	9594	12868	9698	7711	1209
XMTQwOTg1ODQwNA==	516	36	6	26	37	8	5	3	7	14	31	44	47	115	106	437	477	1209	1131	9016	18572	31026	53874	42225	41266	45142	43270	40502	57639	61114
XMTQwOTk5ODY2NA==	377	209	50	20	10	8	6	8	5088	5270	2	10	2	2	1	5	3	3	3	2	2	2	8	2	7	3	3	1	7	7
XMTQxMDM4Njk0MA==	254	48	5	8	17	3	6	6	10	8	0	0	3	4	4	10	3	2	2	22	35	83	33	29	236	1301	2535	4454	6092	1202
XMTQxMDg1MjY3Mg==	27	23	14	11	11	5	86	184	110	75	134	122	85	265	290	463	229	521	473	636	831	1184	1329	761	940	1005	916	543	852	940
XMTQxMDQzNDU0MA==	172	15	6	28	27	12	47	54	50	35	140	199	614	1461	463	1454	1097	1639	1620	1217	2364	3292	7417	1024	1526	2316	2510	1776	2791	2108
XMTQwOTkzOTU2NA==	163	0	0	3	2	351	460	2350	414	59	1716	2395	347	866	171	255	100	121	101	105	183	134	99	90	83	98	87	91	221	175
XMTQxMDIxMjM2MA==	120	77	17	9	3	21	12	14	4	6	10	411	565	867	328	951	927	754	663	612	856	1024	1124	927	793	674	652	452	354	607
XMTQxMDYwMTgwOA==	27	127	39	18	3	168	88	0	0	0	4	1	143183	0	0	0	1	2	2	0	1	0	0	1	0	0	3	1	0	1
XMTQxMDkzMzM4MA==	26	3	20	6	12	30	99	103	61	41	31	61	265	291	527	265	473	537	698	884	997	1016	441	401	516	616	403	619	783	422
XMTQxMTE4MTY5Mg==	281	62	26	12	20	31	21	25	12	19	21	36	21636	86	157	175	172	195	169	82	67	67	67	87	76	63	45	71	64	92
XMTQxMDY5MTQxMg==	221	48	32	22	9	0	7	5	3	1	4	0	4	2	4	2	205180	4	9	15	2	8	4	4	1	2	2	0	1	2
XMTQxMjE1MDcyNA==	21	29	25	25	16	75	111	96	51	58	69	49	118	75	127	68	87	111	211	378	479	520	909	2781	3285	1214	1480	3160	3236	1332
XMTQxMTYyNjc4NA==	481	84	15	7	2	3	4	2	5	3	0	1	2	0	0	6	5	3	3	2	12	0	1	2	21154	7	3	2	3	0
XMTQxMTQyOTMwOA==	70	32	6	0	8	3	7	1	1	0	0	8	9	10847	2	3	0	1	0	0	1	0	3	1	0	0	1	1	2	0
XMTQxMTA4MTA4NA==	47	14	4	13	20	13	9	19	5	7	26	12	18	5	22	837	2693	3915	35053	39855	1731	809	265	266	261	206	408	275	171	201
XMTQwODg0MDk2OA==	87	64	15	15	15	23	49	41	26	60	29	71	33	1061	6600	17497	9262	7581	3566	1563	732	555	792	814	211	182	157	248	207	216
XMTQxMTg2OTE3Ng==	769	0	0	15	27	48	23	27	13	11	12	41	10	20	12	28	17	18	15	36	87	342	980	2892	5888	4168	1896	1908	1694	1235
XMTQxMTQ3NDM2MA==	362	71	51	39	62	46	62	28	18	7	15	22	1871	8626	10003	3278	471	332	660	328	235	216	168	243	232	165	176	188	167	322
XMTQxMjAxNzc1Ng==	703	47	0	26	18	7	7	3	10471	47	97	49	5	4	12	2	17	8	3	3	6	3	10	1	2	3	7	1	1	2
XMTQxMjE3NzgyOA==	232	30	16	14	16	13	16	54892	84	80	166	262	58	150	145	140	111	100	95	137	104	77	89	89	61	73	73	112	111	73
XMTQxMjExNzUwNA==	312	47	55	13	13	9	12	10706	19	21	32	70	8	31	42	36	47	81	36	26	21	18	22	25	26	12	21	25	15	9
XMTQxMjQxNjQ4OA==	599	159	42	25	15	14	14	11	6	8	9	4	1	2	1	1	0	1	0	1	1	9858	16460	2031	23	0	10	10	9	6
XMTQxMjI0ODY2OA==	311	35	33	55	43	49	57	29	26	22	21	50	9	47	29	104	55	294	9138	3353	1250	334	117	174	194	211	201	177	127	108
XMTQxMjkyOTI4MA==	10	3	0	4	66	89	25	1852	1627	423	5895	13335	1076	2094	2683	1886	773	640	497	507	469	277	199	188	138	138	156	246	96	73
XMTQxMDc4NTQ1Ng==	164	0	0	0	0	0	0	0	0	0	0	0	0	0	0	0	0	0	32	0	0	0	0	0	0	9	3	3	69274	14
XMTQxMzc4ODMzNg==	106	62	36	58	53	43	19	61	62	559	4361	2006	3388	774	150	94	88	84	86	63	85	72	86	82	66	118	87	81	102	100
XMTQxMzI0MTE0OA==	437	61	31	21	3	4	12	0	0	0	0	0	0	4	24	1517	3348	3688	4089	4335	3543	2640	75	3	4	7	9	13	4	9
XMTQxMjk0ODM4MA==	240	32	35	83	73	105	64	75	72	90	182	55	146	169	326	366	295	406	483	840	667	488	606	940	577	791	1288	796	830	840
XMTQxMzQ5MzQyOA==	188	28	14	2	5	7	1	7	2	2	5	1	4	11	7	6	5	1	5	2	7	5	2	4	18	1	63021	5	1	4
XMTQxMzM1MjkwNA==	224	9	2	4	10	5	9	3	2	4	5	2	4	2	33	3631	7443	5179	6222	6276	5249	3835	61	20	6	28	24	14	8	24
XMTQxMjkwNDgyOA==	586	27	0	25	22	28	23	31	81	77	149	40	48	21	44	33	59	522	4289	8412	3787	548	444	779	814	1232	911	421	310	532
XMTQxMzkwMzk4OA==	179	9	1	6	6	3	63	101	114	165	61	145	104	201	356	402	599	693	622	456	417	585	662	581	650	687	1546	1666	610	178
XMTQxMzg5MzQ3Mg==	613	3	0	14	23	8	10	9	4	19	4	13	6	19	8	8	9	16	6	9	4	5	5	6	21	10	14	10	6467	13934
XMTQxMzg4NzE3Mg==	91	16	44	36	142	228	162	881	974	1378	414	1158	925	668	576	650	478	504	645	626	664	665	638	453	393	419	508	1672	2028	1477
XMTQxNDExNjcwOA==	160	113	65	101	75	70	45	10318	43	76	15	45	38	40	28	59	28	20	15	14	19	25	12	14	11	12	9	11	7	7
XMTQxNDA3Mzc5Mg==	163	0	0	3	6	3	2	3	3	7	4	3	0	1	1	2	2	4	2	3	1	0	2	3	4	10	6	3	6620	3602
XMTQxNDg2NzM2NA==	185	27	20	21	11	17	6	12	14	10	8	9	14	5	10	12	11	4	8	7	9	8	5	10	16	6	19	7041	3090	10397
XMTQxNDkyMDU2NA==	279	79	168	77	54	37	32	59	65	22	29	46	41	63	31	39	31	28	35	24	25	30	29	28	52	59	40	5079	7707	424
XMTQxNTQ2NjEzNg==	117	46	172	28	68	138	162	201	360	83	245	249	263	214	207	335	624	683	739	596	495	870	1451	891	536	431	486	442	415	365
XMTQxNTU3NjYyMA==	93	48	15	9	14	6	7	4	5	1	5	3	4	5	211062	0	0	0	0	0	0	0	1	0	7	2	2	0	0	0
XMTQxNDk5NTI2MA==	284	19	12	11	2	37	116	947	2922	3973	7733	4917	3335	1037	838	995	777	743	519	507	538	583	506	656	519	429	461	360	272	224
XMTQxNjE0NzIwOA==	316	267	100	44	21	42	61	98	146	55	91	26	27	27	33	98	584	1366	1037	950	3965	6772	2227	3562	3601	4072	5229	3299	3431	2387
XMTQxNTM0MzUwMA==	89	17	0	4	5	2	0	81083	13	7	15	4	3	8	2	7	1	1	1	1	3	2	3	5	3	1	0	4	1	2
XMTQxNTk1MDY0OA==	390	161	59	18	17	20	16	12	23	12	25	19	52	960	4789	7970	2706	1856	138	0	389	854	1027	1230	3177	5631	6454	3623	3147	3441
XMTQxNTIzNjE0OA==	635	88	91	60	49	26	44	65	152	98	190	328	964	1632	4658	6757	1691	84	0	19	57	38	29	40	32	7	18	10	18	22
XMTQxNjE3NzMyMA==	76	70	73	121	160	169	194	384	127	266	313	515	439	380	491	576	609	924	1136	1458	1594	1352	1229	1127	1256	1035	1210	1136	1156	1072
XMTQxNTk4ODAwNA==	128	37	14	4	3	2	6	1	0	1	0	6	5	1	1	0	0	0	0	1	0	11116	2	2	1	0	0	2	2	1
XMTQxNjUxOTQxNg==	31	42	21	19	7	2	0	4	0	7	0	3	1	0	1	7	2	2	0	0	3	2	120927	60688	61229	61398	53	20	0	5
XMTQxNTkyNjAzMg==	105	16	8	16	36	8	11	6	1	6	0	4	104198	0	0	0	12	14	12	6	8	6	5	16	13	12	10	6	7	14
XMTQxNTk2MTc4MA==	142	35	0	0	5	0	0	1	0	0	0	863	23293	21001	22326	17858	15803	8535	759	5065	4829	2849	612	626	507	248	220	283	1682	1724
XMTQxNjEzMTA3Ng==	703	9	0	0	0	88	6	2	3	1	2	43787	0	0	0	0	3	3	0	0	0	2	0	1	0	0	0	0	0	2
XMTQxNjY2MzQ1Mg==	364	0	0	0	0	0	0	0	0	0	0	0	0	0	0	0	0	0	27	0	0	2	7	20993	0	0	0	0	13	13
XMTQxNjYxMTk0NA==	47	41	40	22	28	167	364	528	281	608	241	113	98	78	93	122	102	141	376	627	762	1044	2270	2093	877	661	454	344	272	272
XMTQxNTg1ODUzNg==	210	69	29	36	54	112	165	446	99	154	524	207	118	261	401	259	313	751	1785	522	730	1184	839	730	701	627	833	2828	3919	3298
XMTQxNjQzNDkzNg==	11	40	37	48	87	55	24	26	5	13	18	31	40	20	31	25	21	23	18936	38549	30002	13754	2151	409	1650	4821	2577	1201	278	495
XMTQxNjAyNTk0OA==	184	7	0	6	2	1	1	6	4	5	0	3	1	0	1	2	4	0	3	0	0	3	5	2	0	2	1	10132	37	10751
XMTQxNjY1NjkyMA==	375	0	0	0	0	0	0	0	0	0	0	0	0	0	0	0	0	0	14	7	14	9	9	8423	0	0	0	0	11242	40
XMTQxNjg2MDc4MA==	404	0	0	4	4	2	0	1	4	4	6	3	0	0	0	2	2	2	1	6	1	2	7	4	4	4	10054	6	11047	5
XMTQxNjU0Mjg5Mg==	124	3	3	2	0	3	1	0	1	0	0	0	1	1	0	0	2	0	1	0	11026	1	1	1	0	2	5	3	3	1
XMTQxNjYzMzQyMA==	115	6	1	4	2	2	3	3	1	1	0	0	1	0	1	1	1	0	0	0	3	1	2	1	1	2	10096	42	10508	109
XMTQxNjk1MjA4NA==	25	14	66	78	108	80	310	388	635	589	663	609	642	594	589	646	626	725	700	691	671	776	774	750	712	773	1376	2375	2958	3227
XMTQxNzIxMjI5Ng==	70	45	9	7	12	6	6	0	3	514	2893	389	372	499	1014	1047	999	14323	24502	965	0	0	568	553	465	531	443	418	493	365
XMTQxNjYwNzgyMA==	499	29	10	5	6	3	14	1	3	4	3	2	12	31	47	30	27	34	24	31	39	325	3609	2802	1604	1114	899	770	1014	787
XMTQxNjk1MzcwMA==	22	19	60	21	42	112	296	393	596	598	655	589	633	546	596	620	626	719	695	727	721	773	1017	761	769	790	1366	2354	2947	3086
XMTQxNzQ1NTM1Mg==	128	57	57	47	34	9	4	2	6	4	0	6	210678	0	0	0	0	0	0	0	1	0	0	2	2	1	0	2	0	1
XMTQxNjQ0MTIyOA==	273	219	125	125	80	44	74	45	143	168	339	257	265	375	495	473	431	814	854	958	820	1037	933	741	714	463	277	404	342	177
XMTQxODMzNTAyMA==	49	125	70	39	63	140	48	120	50	25	49	53	64	53	79	111	163	573	1222	915	2785	4911	4832	7546	3577	3998	4047	5311	6016	4810
XMTQxODMzMTM0NA==	29	60	56	28	22	71	24	114	78	20	22	47	42	30	82	75	62	229	657	1142	2506	3977	4756	10068	4324	4677	5603	7799	7776	4940
XMTQxOTAwMTQxMg==	39	86	52	43	51	107	78	111	46	55	42	62	371	575	724	243	275	348	326	3360	8952	8230	3595	1065	1232	966	1148	1967	1806	948
XMTQxOTA5Nzc4OA==	356	112	89	92	132	45	94	78	86	94	97	101	69	86	83	79	93	201	290	283	387	332	292	279	537	774	2554	2240	2290	2352
XMTQxOTQzNDA0OA==	26	40	55	25	22	6	7	207018	226812	219280	0	0	0	13	173	623	563	29	4	0	0	3	3	4	3	1	2	0	3	2
XMTQxODk0MjA4MA==	245	108	28	6	12	7	13	9	3	10	22	9	16	3	6	1	13	7	3	2	14	4	10857	5	9	8	2	0	0	5
XMTQxODQ5MDA5Ng==	207	12	1	3	23	8	16	9	9	4	3	6	1	18005	0	0	0	4	6	8	6	4	10	8	5	5	4	3	2	9
